0c1 + 4.0c2 + 1.0c3 = -0.4019
1.0c2 + 4.0c3 + 1.0c4 = -0.6962
1.0c3 + 4.0c4 + 0c5 = -0.8038

x = [0.0, 1.0, 2.0, 3.0, 4.0]
y = [0.0, 0.5, 0.86603, 1.0, 0.86603]

a = [0.0, 0.5, 0.86603, 1.0]
b = [0.52409375, 0.45181249999999995, 0.26674624999999996, -0.01879749999999998]
c = [0, -0.07228125000000005, -0.11278499999999991, -0.17275875000000007]
d = [-0.024093750000000014, -0.013501249999999956, -0.019991250000000054, 0.057586250000000026]

f(1.5) = 0.7061
