Lagrange:
L(0.785) = 0.7066650831763222
Eps = 0.00016
Newton:
N(0.785) = 0.706665083176322
Eps = 0.00016
Orig:
Sin(0.785) = 0.706825181105366
