Lagrange:
 L(0.785) = 0.7066677429018429
 y(0.785): 0.70683
 Eps = 0.00016
 i: [0, 1, 2, 3]
 xi: [0.31416, 0.62832, 0.94248, 1.25664]
 fi: [0.30902, 0.58779, 0.80902, 0.95106]
 omega'(xi): [-0.186, 0.062, -0.062, 0.186]
 fi/omega'(xi): [-1.6614, 9.48048, -13.04871, 5.11323]
 X* - xi: [0.5, 0.2, -0.2, -0.5]
