Lagrange:
L(0.785) = 0.7065637262572506
Eps = 0.00026
Newton:
N(0.785) = 0.7065637262572506
Eps = 0.00026
Orig:
Sin(0.785) = 0.706825181105366
