Iter:
x0 = [2.5, 0.5]
x1 = [3.04887218 0.64661654], eps = 2.461437097899386
x2 = [2.93141567 0.6170041 ], eps = 0.5267379512665964
x3 = [2.97623247 0.62850686], eps = 0.20098256531666814
x4 = [2.96037651 0.62444091], eps = 0.0711066457333385
x5 = [2.96616616 0.62593055], eps = 0.02596390155361563
x6 = [2.96407427 0.62539219], eps = 0.009381171453750633
x7 = [2.96483316 0.62558762], eps = 0.0034032981297863448
x8 = [2.96455823 0.62551681], eps = 0.0012329446679830273
x9 = [2.96465789 0.62554248], eps = 0.00044691033381895074
x10 = [2.96462177 0.62553318], eps = 0.00016196458192323533
x11 = [2.96463486 0.62553655], eps = 5.8701759597405055e-05
Newton's:
x11 = [2.5, 0.5]
x1 = [3.04887218 0.64661654], eps = 0.5488721804511276
x2 = [2.96657052 0.62610893], eps = 0.08230166419036067
x3 = [2.96463249 0.62553603], eps = 0.0019380266142916547
x4 = [2.96463138 0.62553565], eps = 1.111192574398956e-06
q = 0.8176691729323308
Lambda:
[[ 0.03007519  0.30827068]
 [ 0.09022556 -0.07518797]]
