EPS = 0.0001
Iter: x = [2.96463486 0.62553655]
Steps = 11
Newton: x = [2.96463138 0.62553565]
Steps = 4
