q = 0.6301279573390394
lambda = -0.8132227352659079
phi' < 1
q < 1
Iter:
x0 = 1.25
x1 = 1.5069086342344487, eps = 0.4376792356304313
x2 = 1.5648348676802541, eps = 0.09868531531864919
x3 = 1.5727460695657183, eps = 0.013477821811890169
x4 = 1.5737005477535821, eps = 0.0016260850279907106
x5 = 1.573813732668428, eps = 0.000192826088396256
x6 = 1.5738271264645896, eps = 2.281817613340577e-05
Newton's:
x0 = 1.25
x1 = 1.6210487834750746, eps = 0.37104878347507464
x2 = 1.574369411050435, eps = 0.04667937242463971
x3 = 1.5738290003277182, eps = 0.000540410722716711
x4 = 1.5738289236449503, eps = 7.66827679132831e-08
