EPS = 0.0001
Iter: x = 1.5738271264645896
Steps = 6
Newton: x = 1.5738289236449503
Steps = 4
